Year,pop,biofuels_cons_ej,biofuels_prod_pj,biogeo_ej,co2_mtco2,coalcons_ej,elect_twh,electbyfuel_coal,electbyfuel_gas,electbyfuel_oil,gascons_ej,gasprod_ej,gasreserves_tcm,hydro_ej,liqcons_kbd,nuclear_ej,oilcons_ej,primary_ej,primary_gj_pc,refcap_kbd,refthru_kbd,ren_power_ej,renewables_ej,solar_ej,wind_ej
1990,14.965442000000001,0.0,0.0,0.0067,191.8724054,0.366,71.892,27.499000000000002,36.529,3.0639999999999996,1.325,2.283,1.86763844,0.00085,750.7716987000001,0.035019999999999996,1.542671307,3.276801307,218.9578702,1207.0,994.4500548000001,0.007259999999999999,0.007259999999999999,0.0,0.00056
1991,15.064522,0.0,0.0,0.0075,199.6080455,0.337,74.282,25.241999999999997,41.015,3.304,1.4785,2.5812,1.84377368,0.0010400000000000001,711.5717384,0.03329,1.480859128,3.339069128,221.6511833,1225.0,1071.103781,0.00838,0.00838,0.0,0.00088
1992,15.165856,0.0,0.0,0.007520000000000001,200.0990496,0.336,77.23100000000001,25.215999999999998,43.461999999999996,3.155,1.4397,2.5922,1.82167668,0.0012,756.1810706,0.038,1.554810639,3.378710639,222.78403799999998,1254.0,1106.769918,0.009000000000000001,0.009000000000000001,1e-05,0.00147
1993,15.268004999999999,0.0,0.0,0.00863,204.98494330000003,0.33899999999999997,76.992,24.248,44.121,3.0260000000000002,1.4807,2.6424,1.7765988000000001,0.0009199999999999999,744.8783523,0.03948,1.536289359,3.4067693589999997,223.13127090000003,1197.0,1123.096575,0.01038,0.01038,1e-05,0.0017399999999999998
1994,15.369121,0.0,0.0,0.00939,202.21452480000002,0.361,79.67699999999999,27.006999999999998,43.541000000000004,3.3310000000000004,1.43,2.5066,1.76510836,0.001,740.91229,0.03967,1.52659954,3.37003964,219.27341459999997,1197.0,1121.630575,0.0117701,0.0117701,1e-07,0.00238
1995,15.467851999999999,0.0,0.0,0.01017,208.58945390000002,0.373,81.063,30.022,42.011,2.8139999999999996,1.4689,2.5482,1.72533376,0.00088,783.6801022000001,0.04018,1.610909308,3.5072193080000003,226.742492,1257.0,1197.762164,0.01335,0.01335,1e-05,0.00317
1996,15.563251999999999,0.0,0.0,0.01316,219.5564747,0.36,85.234,28.453000000000003,47.075,2.824,1.6279,2.8839,1.7058883999999999,0.0008,778.3985353999999,0.0416,1.61055553,3.65840553,235.06690830000002,1234.0,1221.065847,0.01755,0.01755,2e-05,0.004370000000000001
1997,15.655482000000001,3.47e-18,0.0,0.01463,217.2373535,0.35,86.65899999999999,27.362,50.661,2.823,1.5253,2.5542,1.72091436,0.0009199999999999999,810.8683112000001,0.02408,1.6730942919999998,3.592794292,229.4911324,1261.0,1219.450932,0.0194,0.0194,2e-05,0.00475
1998,15.74565,0.0,0.0,0.01590281,218.0649765,0.35700000000000004,92.006273,25.78245,52.126126,3.013,1.5062,2.4364,1.67318484,0.0011231,820.3838567,0.03809091,1.692960496,3.6177123160000004,229.7594775,1261.0,1245.316795,0.02233781,0.02233781,3.5e-05,0.0064
1999,15.835525,0.0,0.0,0.01788338,215.10912940000003,0.313,87.617304,20.809658,52.581516,2.781,1.4716,2.2656,1.62280368,0.00090249,840.4457322999999,0.03828213,1.7254567809999999,3.5736274810000004,225.67155060000002,1277.0,1172.277863,0.02438608,0.02438608,5.27e-05,0.00645
2000,15.926188,0.0,0.0,0.02013194,216.2004301,0.325,90.180577,23.428151,52.492704,2.641,1.4757,2.209,1.57065476,0.00142393,844.7106177999999,0.03919208,1.7502569140000002,3.6200719639999996,227.30310380000003,1277.0,1173.581066,0.02849904,0.02849904,7.709999999999999e-05,0.00829
2001,16.018112,0.0,0.0,0.023427221,225.90713849999997,0.34600000000000003,94.07242600000001,24.910476,54.408072,2.6460000000000004,1.5055,2.3273,1.53618344,0.001165622,886.2307447000001,0.039467751,1.834986997,3.758873771,234.663971,1278.0,1179.708274,0.031753401,0.031753401,0.00012975200000000001,0.008196429
2002,16.110355,0.0,0.0,0.028692455,225.96112340000002,0.348,95.082892,24.954185,55.132205000000006,2.363,1.4903,2.2867,1.49287332,0.001082213,898.1611368999999,0.038630427,1.843383125,3.7595943569999997,233.3650846,1281.5,1074.337014,0.038198592,0.038198592,0.00016820099999999998,0.009337935
2003,16.200948,0.0,0.0,0.02498543,225.43817400000003,0.36,98.140305,25.881089000000003,56.172989,2.4930000000000003,1.5006,2.1858,1.4274662,0.0007063789999999999,901.0201483999999,0.039407199999999996,1.846110214,3.78503725,233.6306029,1281.5,1134.985233,0.038213457,0.038213457,0.000301488,0.012926538000000001
2004,16.287183,0.0,0.26156060600000003,0.03240195,231.4056321,0.355,102.144798,24.420741,60.498005000000006,2.431,1.5364,2.5782,1.38945936,0.00093293,938.192523,0.037246417000000004,1.9311172630000002,3.9116158480000003,240.16527889999998,1283.5,1170.917432,0.050919238,0.050919238,0.000322957,0.018194331
2005,16.367153,0.0,0.13042298,0.051097342000000004,233.0999527,0.33899999999999997,100.76871,23.059151999999997,58.207785,2.262,1.4924,2.352,1.3346588,0.000852152,990.4909856,0.038709542,2.049922465,3.992328555,243.92321349999997,1273.9,1178.423014,0.071444396,0.071444396,0.000331168,0.020015886
2006,16.440091,0.00171741,0.9773,0.049980000000000004,231.6008597,0.32299999999999995,98.834621,23.125407,57.075274,2.095,1.4331,2.3221,1.27190332,0.001012292,982.5425451,0.033385168,2.041461274,3.9103033839999997,237.8516873,1273.886,1142.3754789999998,0.07662724,0.07834465,0.00033893800000000005,0.026308302000000002
2007,16.506652,0.013873583,3.428,0.038501322000000004,229.1310318,0.35200000000000004,105.16416100000001,24.599968,60.888077,2.219,1.3969999999999998,2.2321,1.2285932,0.001023188,1033.894527,0.040165493,2.100672526,3.976443919,240.89948219999997,1236.28,1131.189699,0.07170913,0.085582713,0.000341496,0.032866313
2008,16.568105,0.01212388,3.2691,0.048303269,227.2237014,0.33299999999999996,108.20277800000001,22.53996,64.563171,2.065,1.454,2.5527,1.1888186,0.000950311,979.4262607999999,0.039617392,1.9975553990000001,3.9263872060000002,236.98468870000002,1279.58,1120.468607,0.089140223,0.10126410400000001,0.000369566,0.040467388
2009,16.626379,0.015869905,10.138,0.057714999999999995,217.67901119999996,0.314,113.502778,23.434488,68.494439,1.4869999999999999,1.4889,2.358,1.2285932,0.000918208,945.2436048000001,0.040123145,1.9082801569999999,3.869513197,232.73336890000002,1279.58,1104.138986,0.101421783,0.11729168699999999,0.000419749,0.043287034
2010,16.682927,0.009845403,16.35902055,0.06625046400000001,226.52793140000003,0.316,118.13888899999999,21.893333,73.57777800000001,1.253,1.6833,2.7096,1.15257952,0.0009777639999999999,964.0649357000001,0.037256597999999995,1.9437460819999999,4.095415115,245.48540640000002,1273.9289999999999,1155.750219,0.104289268,0.114134671,0.000557971,0.037480832
2011,16.738191,0.013752279,28.23577987,0.066084422,219.4369598,0.3117,112.96593500000002,20.766667,67.946072,1.406,1.4734,2.5019,1.0871723999999998,0.0005317680000000001,970.7875349999999,0.038630401,1.967245049,3.9198609189999996,234.18665249999998,1276.229,1114.5415619999999,0.114601422,0.128353701,0.0009361360000000001,0.047580864
2012,16.79185,0.014267931000000001,53.43798023,0.066797065,212.2204502,0.3425,102.505526,24.222998999999998,54.05745600000001,1.0590000000000002,1.4142,2.4625,0.8441054,0.000967961,925.1756,0.036300038,1.867937814,3.7915189330000003,225.79518829999998,1279.3310000000001,1109.934235,0.115345189,0.129613119,0.002352982,0.046195142
2013,16.843512,0.013630197,62.5912,0.05487722900000001,208.24104,0.3427,100.875336,24.56015,54.028718999999995,1.203,1.4080000000000001,2.6066,0.79284036,0.001053599,897.8567869999999,0.026644664,1.774854029,3.6783793769999997,218.38553489999998,1279.3310000000001,1065.038959,0.111496888,0.125127086,0.0047549820000000005,0.051864677000000005
2014,16.892517,0.01595472,75.2444042,0.045929152,197.5850959,0.3791,103.417851,28.760067,50.991982,1.906,1.2409999999999999,2.1739,0.70622012,0.001025421,865.8522055999999,0.037483222999999996,1.693411397,3.474206948,205.66544040000002,1279.3310000000001,1089.6396439999999,0.106232188,0.12218690800000001,0.0071897359999999995,0.0531133
2015,16.938492,0.013699962,81.15686073,0.044898214000000006,206.65290159999998,0.4611,110.08651200000001,39.534307,45.881465000000006,1.431,1.2269,1.6514,0.729201,0.000846964,834.2905561000001,0.037139302,1.653105676,3.5166616339999996,207.6136195,1297.75,1157.075644,0.123869729,0.137569691,0.010213743,0.06875777200000001
2016,16.981285,0.010990071,63.99910802,0.044402410999999996,209.7760119,0.4273,115.170275,36.720172,52.567425,1.2790000000000001,1.2655,1.5943,0.6540712,0.000906041,850.5088436000001,0.035853404,1.705903543,3.5789425660000003,210.75805309999998,1297.75,1172.3393720000001,0.132489508,0.143479579,0.014117862,0.073969235
2017,17.021342999999998,0.017097499999999998,83.26807328,0.041394141,202.8503179,0.38299999999999995,117.260034,31.275540000000003,57.883554000000004,1.1845379999999999,1.3019999999999998,1.3869999999999998,0.6142966,0.000546813,828.5860276000001,0.030622302,1.6412185469999998,3.5308376260000003,207.4359013,1298.75,1179.9492599999999,0.156352464,0.17344996399999998,0.019839113999999998,0.09511920900000001
2018,17.05956,0.026204,80.63120725,0.040757321,198.1754798,0.3438,114.468322,27.470253000000003,57.719393000000004,1.303466,1.2731,1.1627,0.17324048,0.000647324,858.9533947999998,0.031447942,1.682585264,3.526102139,206.69361569999998,1298.75,1192.239562,0.168317608,0.194521608,0.033043464,0.094516824
2019,17.097123,0.030348079,79.20821634,0.050219067,192.013194,0.2665,121.03923,17.414407999999998,71.010087,1.362621734,1.3263408829999999,1.011249898,0.17324048,0.0006612860000000001,843.2780642000001,0.034852977,1.6538490630000002,3.51116877,205.3660589,1309.25,1217.24189,0.19861648199999998,0.22896456,0.046259184,0.102138231
